lz 17708659389 123456 4
张一 13000000001 123456 1
张二 13000000002 123456 2
张三 13000000003 123456 3
张四 13000000004 123456 4
张五 13000000005 123456 5
王一 13000000006 123456 1
王二 13000000007 123456 2
王三 13000000008 123456 3
王四 13000000009 123456 4
王五 13000000010 123456 5
李一 13000000011 123456 1
李二 13000000012 123456 2
李三 13000000013 123456 3
李四 13000000014 123456 4
李五 13000000015 123456 5
赵一 13000000016 123456 1
赵二 13000000017 123456 2
赵三 13000000018 123456 3
赵四 13000000019 123456 4
赵五 13000000020 123456 5
刘一 13000000021 123456 1
刘二 13000000022 123456 2
刘三 13000000023 123456 3
刘四 13000000024 123456 4
刘五 13000000025 123456 5
陈一 13000000026 123456 1
陈二 13000000027 123456 2
陈三 13000000028 123456 3
陈四 13000000029 123456 4
陈五 13000000030 123456 5
杨一 13000000031 123456 1
杨二 13000000032 123456 2
杨三 13000000033 123456 3
杨四 13000000034 123456 4
杨五 13000000035 123456 5
黄一 13000000036 123456 1
黄二 13000000037 123456 2
黄三 13000000038 123456 3
黄四 13000000039 123456 4
黄五 13000000040 123456 5
周一 13000000041 123456 1
周二 13000000042 123456 2
周三 13000000043 123456 3
周四 13000000044 123456 4
周五 13000000045 123456 5
吴一 13000000046 123456 1
吴二 13000000047 123456 2
吴三 13000000048 123456 3
吴四 13000000049 123456 4
