0
235
313
216
415
480
442
338
274
226
231
286
348
254
460
370
275
215
420
351
236
480
316
353
261
277
238
333
204
451
312
449
448
351
347
227
338
481
227
484
314
349
320
231
247
205
215
488
468
296
373
466
229
498
279
348
205
217
366
495
325
420
457
233
297
298
225
468
213
330
253
382
315
332
338
459
387
258
452
311
407
368
298
342
273
376
274
402
213
250
388
324
467
399
453
429
201
497
391
434
444
475
303
305
401
224
398
494
258
377
200
270
282
258
298
223
465
490
437
429
495
376
328
372
392
464
231
325
344
474
444
285
384
415
334
479
264
345
231
321
258
246
362
282
243
300
370
282
314
499
246
391
390
498
333
491
443
275
467
358
246
466
477
437
267
339
309
435
460
483
402
287
241
236
487
334
244
428
401
318
346
385
450
263
469
425
240
257
211
411
210
475
427
408
269
307
411
388
434
253
446
262
290
232
274
373
322
430
336
347
432
359
202
446
408
462
274
266
280
211
406
478
248
233
403
374
393
302
214
420
250
358
308
477
204
429
273
467
264
251
303
265
367
226
407
403
218
383
208
466
237
453
383
426
244
266
459
474
412
390
358
247
347
317
399
494
276
340
233
215
377
256
261
294
329
306
268
363
452
434
407
276
389
409
450
364
403
260
473
453
247
440
441
439
217
342
340
479
393
492
272
301
268
213
222
314
267
275
304
252
491
468
371
347
302
405
395
283
201
271
263
327
474
274
377
246
491
226
381
369
336
338
217
460
454
206
202
408
252
242
489
380
255
379
204
470
268
324
454
401
389
437
439
384
428
383
293
442
446
336
440
208
240
396
480
286
286
