20245524116 1 ha641aw 1056.15 5 1 1 0.00 1
17708659389 aooto asoko 8316.00 2 2 1 3.80 60
20245524116 牢施 KOKODA 897.00 1 3 1 5.10 35
12345678901 daw dokoda 213541.00 3 2 1 429.54 64
12345678901 156 aosoko 416.10 5 1 1 4.80 6
12345678901 habu kokode 87513.16 5 3 1 471.08 5
20245524116 1 1 1.00 1 3 1 5.10 1
20245524116 1 1 1.00 1 2 1 2.10 1
20245524116 1 1 1.00 1 1 1 3.00 1
20245524116 1 1 1000.00 1 0 1 0.00 1
20245524116 ooto ttoo 48948.00 1 3 1 135.82 3
20245524116 otto xw 435.10 1 3 1 2.10 1
17708659389 wda wad 15668.00 1 1 1 11.34 1
17708659389 kimi opai 864.10 5 1 1 4.08 1
17708659389 wadashi kokoni 894.15 1 1 1 2.04 1
17708659389 awdad 大王打 16.10 1 1 1 2.04 1
